10,131
10,109
10,293
10,189
10,209
10,247
10,2
10,3
11,25
11,11
9,7
9,5
9,2
9,3
8,10
8,5
8,8
186,4
186,3
186,2
186,1
186,0
185,5
185,4
185,3
185,2
185,1
185,0
183,5
183,4
183,3
183,2
183,1
183,0
182,5
182,4
182,3
182,2
182,1
182,0
180,6
180,5
180,4
180,3
180,2
180,1
180,0
176,5
176,4
176,3
176,2
176,1
176,0
175,3
175,2
175,1
175,0
173,3
173,2
173,1
173,0
172,3
172,2
172,1
172,0
171,4
171,3
171,2
171,1
171,0
168,3
168,2
168,1
168,0
95,4
95,1
93,5
93,1
91,4
91,1
20,3
20,2
20,1
19,2
19,3
19,1
12,3
12,2
12,1
11,29
11,28
11,27
11,26
11,24
11,21
11,19
11,17
11,16
11,14
11,12
11,9
11,8
11,7
11,6
11,5
11,4
11,3
11,2
11,1
10,305
10,280
10,273
10,270
10,251
10,245
10,239
10,231
10,219
10,214
10,205
10,193
18,1
